[metadata]
addr = 0x4a560
size = 0xcb
last_change = 2024-04-11T13:22:43.791214Z

[header]
last_change = 2024-04-11T13:22:43.791214Z
name = "andrew"
addr = 0x4a560
