[metadata]
addr = 0x4a4f0
size = 0x32
last_change = 2024-04-11T12:40:11.129158Z

[header]
last_change = 2024-04-11T12:40:11.129158Z
name = "should_be_main"
addr = 0x4a4f0
