[metadata]
addr = 0x4a560
size = 0xcb
last_change = 2024-04-11T12:18:35.638848Z

[header]
last_change = 2024-04-11T12:18:35.638848Z
name = "andrew_sucks"
addr = 0x4a560
