[metadata]
addr = 0x4a560
size = 0xcb
last_change = 2024-04-11T12:20:18.429880Z

[header]
last_change = 2024-04-11T12:20:18.429880Z
name = "override_cause_im_cool"
addr = 0x4a560
