[metadata]
addr = 0x4a522
size = 0x3e
last_change = 2024-04-11T09:51:02.476689Z

[header]
last_change = 2024-04-11T09:51:02.476689Z
name = "pissy_func"
addr = 0x4a522
