[metadata]
addr = 0x4a4f0
size = 0x32
last_change = 2024-04-11T12:39:19.582305Z

[header]
last_change = 2024-04-11T12:39:19.582305Z
name = "andrews_poopy_func"
addr = 0x4a4f0
