[metadata]
addr = 0x4a705
size = 0x6b
last_change = 2024-04-11T12:26:37.236481Z

[header]
last_change = 2024-04-11T12:26:37.236481Z
name = "michael_is_cool"
addr = 0x4a705
