[metadata]
addr = 0x4a4f0
size = 0x32
last_change = 2024-04-11T12:39:43.601534Z

[header]
last_change = 2024-04-11T09:50:45.119806Z
name = "poopy_func"
addr = 0x4a4f0
